Secure-IIoT-DCOPA: Normalization vs Bound Analysis
=======================================================

Detailed Results:
              description  alpha  beta  gamma_r  total_weight  norm_pdr  bound_pdr  pdr_diff  norm_detection  bound_detection  detection_diff  norm_efficiency  bound_efficiency  efficiency_diff  norm_fairness  bound_fairness  fairness_diff  norm_cost  bound_cost  cost_diff
0     Standard configuration    0.6   0.4      0.3           1.3    0.9740     0.9740    0.0000         0.4800            0.4800          0.0000          0.9220           0.9220           0.0000        0.8500          0.8500         0.0000       0.05        0.01     -0.04
1         Energy-focused    0.8   0.2      0.4           1.4    0.9820     0.9587   -0.0233         0.4900            0.4857         -0.0043          0.9460           0.9362          -0.0098        0.8300          0.8400         0.0100       0.05        0.02     -0.03
2      Distance-focused    0.4   0.6      0.2           1.2    0.9660     0.9660    0.0000         0.4700            0.4700          0.0000          0.8940           0.8940           0.0000        0.8700          0.8700         0.0000       0.05        0.01     -0.04
3         Trust-focused    0.5   0.3      0.6           1.4    0.9700     0.9464   -0.0236         0.5100            0.5071         -0.0029          0.9100           0.9014          -0.0086        0.8600          0.8700         0.0100       0.05        0.02     -0.03
4      High total weight    0.7   0.5      0.5           1.7    0.9780     0.9259   -0.0521         0.5000            0.4941         -0.0059          0.9340           0.9165          -0.0175        0.8400          0.8500         0.0100       0.05        0.02     -0.03
5  Balanced low weights    0.3   0.3      0.3           0.9    0.9620     0.9620    0.0000         0.4800            0.4800          0.0000          0.9180           0.9180           0.0000        0.8900          0.8900         0.0000       0.05        0.01     -0.04
6  Very energy-focused    0.9   0.1      0.2           1.2    0.9860     0.9860    0.0000         0.4700            0.4700          0.0000          0.9580           0.9580           0.0000        0.8100          0.8100         0.0000       0.05        0.01     -0.04
7  Very distance-focused    0.2   0.8      0.1           1.1    0.9580     0.9580    0.0000         0.4600            0.4600          0.0000          0.8780           0.8780           0.0000        0.8900          0.8900         0.0000       0.05        0.01     -0.04
8     Very trust-focused    0.1   0.1      0.9           1.1    0.9540     0.9540    0.0000         0.5400            0.5400          0.0000          0.8700           0.8700           0.0000        0.8700          0.8700         0.0000       0.05        0.01     -0.04

=======================================================

Summary Statistics:
          Metric Mean Difference Std Difference Max Difference Min Difference Bounded Better (%)
0            Pdr         -0.0096        0.0174        -0.0521          0.0000               22.2
1      Detection         -0.0014        0.0028        -0.0059          0.0000                0.0
2     Efficiency         -0.0040        0.0072        -0.0175          0.0000                0.0
3        Fairness         0.0022        0.0044         0.0100          0.0000               33.3
4            Cost        -0.0300        0.0087        -0.0400         -0.0300                0.0

=======================================================

